name: soybot
channels:
  - conda-forge
  - defaults
dependencies:
  - aiohttp=3.8.4=py311ha68e1ae_0
  - aiosignal=1.3.1=pyhd8ed1ab_0
  - async-timeout=4.0.2=pyhd8ed1ab_0
  - attrs=22.2.0=pyh71513ae_0
  - autopep8=2.0.2=pyhd8ed1ab_0
  - bzip2=1.0.8=he774522_0
  - ca-certificates=2022.12.7=h5b45459_0
  - certifi=2022.12.7=pyhd8ed1ab_0
  - cffi=1.15.1=py311h7d9ee11_3
  - charset-normalizer=2.1.1=pyhd8ed1ab_0
  - cryptography=38.0.4=py311hca2b3cc_0
  - discord.py=2.2.2=pyhd8ed1ab_0
  - dnspython=2.3.0=pyhd8ed1ab_0
  - frozenlist=1.3.3=py311ha68e1ae_0
  - idna=3.4=pyhd8ed1ab_0
  - libffi=3.4.2=hd77b12b_6
  - motor=3.1.2=pyhd8ed1ab_0
  - multidict=6.0.4=py311ha68e1ae_0
  - openssl=1.1.1t=hcfcfb64_0
  - pip=23.0.1=py311haa95532_0
  - pycodestyle=2.10.0=pyhd8ed1ab_0
  - pycparser=2.21=pyhd8ed1ab_0
  - pymongo=4.3.3=py311h12c1d0e_0
  - python=3.11.2=h966fe2a_0
  - python_abi=3.11=2_cp311
  - setuptools=65.6.3=py311haa95532_0
  - sqlite=3.41.1=h2bbff1b_0
  - tk=8.6.12=h2bbff1b_0
  - tomli=2.0.1=pyhd8ed1ab_0
  - tornado=6.2=py311ha68e1ae_1
  - typing-extensions=4.5.0=hd8ed1ab_0
  - typing_extensions=4.5.0=pyha770c72_0
  - tzdata=2023c=h04d1e81_0
  - ucrt=10.0.22621.0=h57928b3_0
  - vc=14.2=h21ff451_1
  - vs2015_runtime=14.34.31931=h4c5c07a_10
  - wheel=0.38.4=py311haa95532_0
  - wincertstore=0.2=py311haa95532_0
  - xz=5.2.10=h8cc25b3_1
  - yarl=1.8.2=py311ha68e1ae_0
  - zlib=1.2.13=h8cc25b3_0
prefix: C:\ProgramData\Anaconda3\envs\soybot
